name: eyeq
channels:
  - pytorch
  - menpo
  - conda-forge
  - defaults
dependencies:
  - pika=0.12.0=py_1
  - numba=0.38.1=py35h04863e7_0
  - absl-py=0.2.2=py35_0
  - astor=0.6.2=py35_0
  - blas=1.0=mkl
  - bleach=1.5.0=py35_0
  - bzip2=1.0.6=h14c3975_5
  - ca-certificates=2018.03.07=0
  - cairo=1.14.12=h7636065_2
  - certifi=2018.4.16=py35_0
  - cloudpickle=0.5.3=py35_0
  - cudatoolkit=9.0=h13b8566_0
  - cudnn=7.1.2=cuda9.0_0
  - cupti=9.0.176=0
  - cycler=0.10.0=py35hc4d5149_0
  - cython=0.28.3=py35h14c3975_0
  - dask-core=0.18.1=py35_0
  - dbus=1.13.2=h714fa37_1
  - decorator=4.3.0=py35_0
  - flask=0.12.2=py35h679e90e_0
  - expat=2.2.5=he0dffb1_0
  - ffmpeg=4.0=h04d0a96_0
  - fontconfig=2.12.6=h49f89f6_0
  - freetype=2.8=hab7d2ae_1
  - gast=0.2.0=py35_0
  - glib=2.56.1=h000015b_0
  - graphite2=1.3.11=h16798f4_2
  - grpcio=1.12.1=py35hdbcaa40_0
  - gst-plugins-base=1.14.0=hbbd80ab_1
  - gstreamer=1.14.0=hb453b48_1
  - harfbuzz=1.7.6=h5f0a787_1
  - hdf5=1.10.2=hba1933b_1
  - html5lib=0.9999999=py35_0
  - icu=58.2=h9c2bf20_1
  - imageio=2.3.0=py35_0
  - intel-openmp=2018.0.3=0
  - jasper=1.900.1=hd497a04_4
  - jpeg=9b=h024ee3a_2
  - kiwisolver=1.0.1=py35hcb1117a_0
  - libedit=3.1.20170329=h6b74fdf_2
  - libffi=3.2.1=hd88cf55_4
  - libgcc-ng=7.2.0=hdf63c60_3
  - libgfortran-ng=7.2.0=hdf63c60_3
    #- libopencv=3.4.1=h1a3b859_1
  - libopus=1.2.1=hb9ed12e_0
  - libpng=1.6.34=hb9fc6fc_0
  - libprotobuf=3.5.2=h6f1eeef_0
  - libstdcxx-ng=7.2.0=hdf63c60_3
  - libtiff=4.0.9=he85c1e1_1
  - libvpx=1.7.0=h439df22_0
  - libxcb=1.13=h1bed415_1
  - libxml2=2.9.8=h26e45fe_1
  - markdown=2.6.11=py35_0
  - matplotlib=2.2.2=py35h0e671d2_1
  - mkl=2018.0.3=1
  - mkl_fft=1.0.1=py35h3010b51_0
  - mkl_random=1.0.1=py35h629b387_0
  - ncurses=6.1=hf484d3e_0
  - networkx=2.1=py35_0
  - numpy=1.14.0=py35ha266831_2
  - olefile=0.45.1=py35_0
    #- opencv=3.4.1=py35h6fd60c2_2
  - openssl=1.0.2o=h20670df_0
  - pcre=8.42=h439df22_0
  - pillow=5.1.0=py35h3deb7b8_0
  - pip=10.0.1=py35_0
  - pixman=0.34.0=hceecf20_3
  - protobuf=3.5.2=py35hf484d3e_0
    #- py-opencv=3.4.1=py35h0676e08_1
  - pymongo=3.6.1=py35_0
  - pyparsing=2.2.0=py35h041ed72_1
  - pyqt=5.9.2=py35h751905a_0
  - python=3.5.5=hc3d631a_4
  - python-dateutil=2.7.3=py35_0
  - pytz=2018.5=py35_0
  - pywavelets=0.5.2=py35h53ec731_0
  - qt=5.9.5=h7e424d6_0
  - readline=7.0=ha6073c6_4
  - scikit-image=0.14.0=py35hf484d3e_1
  - scikit-learn=0.19.1=py35hbf1f462_0
  - scipy=1.1.0=py35hfc37229_0
  - setuptools=39.2.0=py35_0
  - sip=4.19.8=py35hf484d3e_0
  - six=1.11.0=py35h423b573_1
  - sqlite=3.24.0=h84994c4_0
  - tensorboard=1.7.0=py35hf484d3e_1
  - tensorflow=1.7.0=0
  - tensorflow-base=1.7.0=py35hdbcaa40_2
  - tensorflow-gpu=1.7.0=0
  - tensorflow-gpu-base=1.7.0=py35hcdda91b_1
  - termcolor=1.1.0=py35_1
  - tk=8.6.7=hc745277_3
  - toolz=0.9.0=py35_0
  - tornado=5.0.2=py35_0
  - werkzeug=0.14.1=py35_0
  - wheel=0.31.1=py35_0
  - xz=5.2.4=h14c3975_4
  - zlib=1.2.11=ha838bed_2
  - dlib=19.9=py35_0

